1.230341e-05 2.052749e-05 3.529599e-05 6.944136e-05 2.095413e-04 1.930502e-03 5.099575e-03 3.009134e-03 2.158009e-03 1.885253e-03 2.486197e-03 2.378084e-03 5.114361e-03 2.607201e-03 2.061770e-04 3.685976e-05 1.212436e-05 5.696056e-06 7.164331e-06 
2.052749e-05 2.662562e-05 4.023195e-05 7.278964e-05 1.944076e-04 2.064971e-03 6.879983e-03 1.511743e-03 8.752333e-04 9.192446e-04 1.315234e-03 1.762616e-03 6.486344e-03 3.100816e-03 2.204130e-04 4.703152e-05 2.687281e-05 2.038046e-05 1.867400e-05 
3.529599e-05 4.023195e-05 5.612470e-05 9.723012e-05 2.455091e-04 2.908056e-03 1.058355e-02 3.021863e-03 3.256373e-03 2.996814e-03 4.027176e-03 3.978696e-03 9.639401e-03 4.602315e-03 3.599683e-04 1.084287e-04 6.538744e-05 4.628667e-05 3.736435e-05 
6.944136e-05 7.278964e-05 9.723012e-05 1.710540e-04 4.459518e-04 4.577180e-03 1.907823e-02 1.144148e-02 1.169810e-02 1.035051e-02 1.360049e-02 1.186823e-02 1.730272e-02 7.800044e-03 6.081987e-04 2.358384e-04 1.496748e-04 1.043649e-04 7.987285e-05 
2.095413e-04 1.944076e-04 2.455091e-04 4.459518e-04 1.310022e-03 7.891277e-03 4.494995e-02 7.317254e-02 6.809551e-02 5.965635e-02 7.794489e-02 6.642081e-02 4.489183e-02 1.528932e-02 1.230644e-03 8.474890e-04 5.595347e-04 3.803543e-04 2.709730e-04 
1.930502e-03 2.064971e-03 2.908056e-03 4.577180e-03 7.891277e-03 4.123403e-02 9.758058e-02 9.313376e-01 8.183089e-01 7.199488e-01 9.427921e-01 8.243568e-01 2.382796e-01 6.187297e-03 1.528920e-02 8.811060e-03 5.473992e-03 3.584433e-03 2.462182e-03 
5.099575e-03 6.879983e-03 1.058355e-02 1.907823e-02 4.494995e-02 9.758058e-02 7.531986e-01 1.006807e+00 8.157266e-01 7.413974e-01 9.792961e-01 9.349632e-01 7.158231e-01 6.905726e-02 9.608862e-03 7.306453e-03 5.282776e-03 4.413073e-03 4.364798e-03 
3.009134e-03 1.511743e-03 3.021863e-03 1.144148e-02 7.317254e-02 9.313376e-01 1.006807e+00 1.237419e+00 1.013047e+00 8.949436e-01 1.199095e+00 1.134765e+00 8.527878e-01 1.062683e+00 1.281911e-01 3.547202e-02 1.652592e-02 9.247565e-03 5.433562e-03 
2.158009e-03 8.752333e-04 3.256373e-03 1.169810e-02 6.809551e-02 8.183089e-01 8.157266e-01 1.013047e+00 8.302229e-01 7.311706e-01 9.798480e-01 9.240784e-01 6.859500e-01 9.287205e-01 1.115214e-01 3.048589e-02 1.402579e-02 7.717150e-03 4.373220e-03 
1.885253e-03 9.192446e-04 2.996814e-03 1.035051e-02 5.965635e-02 7.199488e-01 7.413974e-01 8.949436e-01 7.311706e-01 6.442919e-01 8.634012e-01 8.156859e-01 6.274286e-01 8.213140e-01 9.789482e-02 2.664348e-02 1.223689e-02 6.722968e-03 3.802516e-03 
2.486197e-03 1.315234e-03 4.027176e-03 1.360049e-02 7.794489e-02 9.427921e-01 9.792961e-01 1.199095e+00 9.798480e-01 8.634012e-01 1.156280e+00 1.090806e+00 8.322155e-01 1.077251e+00 1.283267e-01 3.495897e-02 1.607058e-02 8.831153e-03 4.993108e-03 
2.378084e-03 1.762616e-03 3.978696e-03 1.186823e-02 6.642081e-02 8.243568e-01 9.349632e-01 1.134765e+00 9.240784e-01 8.156859e-01 1.090806e+00 1.029578e+00 8.067432e-01 9.551569e-01 1.125728e-01 3.065807e-02 1.414831e-02 7.805612e-03 4.455305e-03 
5.114361e-03 6.486344e-03 9.639401e-03 1.730272e-02 4.489183e-02 2.382796e-01 7.158231e-01 8.527878e-01 6.859500e-01 6.274286e-01 8.322155e-01 8.067432e-01 6.951107e-01 1.279088e-01 3.339979e-02 1.281098e-02 7.306999e-03 5.331409e-03 4.763285e-03 
2.607201e-03 3.100816e-03 4.602315e-03 7.800044e-03 1.528932e-02 6.187297e-03 6.905726e-02 1.062683e+00 9.287205e-01 8.213140e-01 1.077251e+00 9.551569e-01 1.279088e-01 7.184730e-02 1.753789e-02 9.667957e-03 6.112773e-03 4.099754e-03 2.972768e-03 
2.061770e-04 2.204130e-04 3.599683e-04 6.081987e-04 1.230644e-03 1.528920e-02 9.608862e-03 1.281911e-01 1.115214e-01 9.789482e-02 1.283267e-01 1.125728e-01 3.339979e-02 1.753789e-02 3.893036e-03 1.558284e-03 8.626506e-04 5.210788e-04 3.177873e-04 
3.685976e-05 4.703152e-05 1.084287e-04 2.358384e-04 8.474890e-04 8.811060e-03 7.306453e-03 3.547202e-02 3.048589e-02 2.664348e-02 3.495897e-02 3.065807e-02 1.281098e-02 9.667957e-03 1.558284e-03 5.292291e-04 2.696864e-04 1.523733e-04 8.212839e-05 
1.212436e-05 2.687281e-05 6.538744e-05 1.496748e-04 5.595347e-04 5.473992e-03 5.282776e-03 1.652592e-02 1.402579e-02 1.223689e-02 1.607058e-02 1.414831e-02 7.306999e-03 6.112773e-03 8.626506e-04 2.696864e-04 1.313348e-04 7.126525e-05 3.538694e-05 
5.696056e-06 2.038046e-05 4.628667e-05 1.043649e-04 3.803543e-04 3.584433e-03 4.413073e-03 9.247565e-03 7.717150e-03 6.722968e-03 8.831153e-03 7.805612e-03 5.331409e-03 4.099754e-03 5.210788e-04 1.523733e-04 7.126525e-05 3.697937e-05 1.645441e-05 
7.164331e-06 1.867400e-05 3.736435e-05 7.987285e-05 2.709730e-04 2.462182e-03 4.364798e-03 5.433562e-03 4.373220e-03 3.802516e-03 4.993108e-03 4.455305e-03 4.763285e-03 2.972768e-03 3.177873e-04 8.212839e-05 3.538694e-05 1.645441e-05 5.382555e-06 
-2.702364e-07 -1.710813e-07 2.153323e-07 2.691861e-07 2.762507e-08 2.355507e-07 2.766840e-07 3.768243e-08 -2.918946e-07 -1.277502e-07 -1.677673e-07 3.054276e-07 3.825387e-08 1.163348e-07 -8.943697e-09 2.959687e-07 2.949940e-07 1.365476e-10 1.033757e-08 
-1.710813e-07 -7.368607e-08 3.130861e-07 -2.660565e-07 1.324919e-07 -2.712980e-07 -2.671377e-07 2.084625e-07 -7.082769e-08 9.205907e-08 5.032349e-08 -1.298436e-07 1.193451e-07 2.359169e-07 1.506138e-07 -1.126923e-07 -9.702238e-08 1.897162e-07 1.277363e-07 
2.153323e-07 3.130861e-07 6.811824e-08 1.215613e-07 -1.100559e-07 1.266147e-07 1.074010e-07 9.678927e-08 -2.003940e-07 -4.934139e-08 -9.596357e-08 -2.954901e-07 -1.454559e-07 -4.224350e-09 -6.331833e-08 3.095345e-07 3.090897e-07 -4.703788e-08 -1.157276e-07 
2.691861e-07 -2.660565e-07 1.215613e-07 1.711650e-07 -7.525323e-08 1.596477e-07 1.371484e-07 1.950615e-07 -1.237053e-07 2.986860e-08 -1.524394e-08 -2.065567e-07 -1.241448e-07 3.211556e-08 -8.448587e-10 -2.543239e-07 -2.611664e-07 1.163737e-08 -6.003129e-08 
2.762507e-08 1.324919e-07 -1.100559e-07 -7.525323e-08 2.649619e-07 -1.782902e-07 -1.661575e-07 -5.218161e-08 2.551618e-07 -2.216116e-07 -2.651161e-07 1.859632e-07 1.859114e-07 -2.706188e-07 -2.124552e-07 1.487312e-07 1.303729e-07 -2.332599e-07 -3.051645e-07 
2.355507e-07 -2.712980e-07 1.266147e-07 1.596477e-07 -1.782902e-07 -2.050477e-07 -9.041540e-08 9.701036e-08 -2.281521e-07 -7.067430e-08 -1.133279e-07 -2.904027e-07 2.338814e-07 -1.154652e-07 1.715991e-08 -3.044532e-07 3.053295e-07 -5.564828e-08 -1.175109e-07 
2.766840e-07 -2.671377e-07 1.074010e-07 1.371484e-07 -1.661575e-07 -9.041540e-08 2.180291e-07 6.304060e-08 -2.550019e-07 -9.594362e-08 -1.371990e-07 -3.111322e-07 -8.214744e-09 -1.843368e-08 1.753124e-07 -1.966134e-07 -2.385740e-07 2.424285e-08 -4.934947e-08 
3.768243e-08 2.084625e-07 9.678927e-08 1.950615e-07 -5.218161e-08 9.701036e-08 6.304060e-08 -1.117715e-07 2.004215e-07 -2.738156e-07 -3.160572e-07 1.421541e-07 -1.661993e-07 -3.799917e-08 -1.514672e-07 1.546648e-07 1.316392e-07 -2.330748e-07 -3.041717e-07 
-2.918946e-07 -7.082769e-08 -2.003940e-07 -1.237053e-07 2.551618e-07 -2.281521e-07 -2.550019e-07 2.004215e-07 -1.206752e-07 3.795373e-08 -4.427224e-09 -1.789951e-07 1.498888e-07 2.712143e-07 1.559792e-07 -1.715921e-07 -1.949648e-07 7.251306e-08 9.274806e-11 
-1.277502e-07 9.205907e-08 -4.934139e-08 2.986860e-08 -2.216116e-07 -7.067430e-08 -9.594362e-08 -2.738156e-07 3.795373e-08 1.966908e-07 1.543387e-07 -2.004690e-08 3.084608e-07 -2.040112e-07 3.138755e-07 -1.326456e-08 -3.623019e-08 2.317861e-07 1.605214e-07 
-1.677673e-07 5.032349e-08 -9.596357e-08 -1.524394e-08 -2.651161e-07 -1.133279e-07 -1.371990e-07 -3.160572e-07 -4.427224e-09 1.543387e-07 1.119961e-07 -6.231840e-08 2.678004e-07 -2.466423e-07 2.711143e-07 -5.602079e-08 -7.891415e-08 1.893084e-07 1.186145e-07 
3.054276e-07 -1.298436e-07 -2.954901e-07 -2.065567e-07 1.859632e-07 -2.904027e-07 -3.111322e-07 1.421541e-07 -1.789951e-07 -2.004690e-08 -6.231840e-08 -2.363406e-07 9.409190e-08 2.088274e-07 9.464827e-08 -2.313237e-07 -2.531714e-07 1.665801e-08 -5.040369e-08 
3.825387e-08 1.193451e-07 -1.454559e-07 -1.241448e-07 1.859114e-07 2.338814e-07 -8.214744e-09 -1.661993e-07 1.498888e-07 3.084608e-07 2.678004e-07 9.409190e-08 -2.409196e-07 7.391086e-08 -4.964493e-08 2.293835e-07 1.862328e-07 -1.924700e-07 -2.774448e-07 
1.163348e-07 2.359169e-07 -4.224350e-09 3.211556e-08 -2.706188e-07 -1.154652e-07 -1.843368e-08 -3.799917e-08 2.712143e-07 -2.040112e-07 -2.466423e-07 2.088274e-07 7.391086e-08 -1.417675e-07 -1.389869e-07 1.940042e-07 1.763241e-07 -1.808324e-07 -2.382365e-07 
-8.943697e-09 1.506138e-07 -6.331833e-08 -8.448587e-10 -2.124552e-07 1.715991e-08 1.753124e-07 -1.514672e-07 1.559792e-07 3.138755e-07 2.711143e-07 9.464827e-08 -4.964493e-08 -1.389869e-07 -2.489377e-07 6.473275e-08 4.466069e-08 -3.155396e-07 2.567450e-07 
2.959687e-07 -1.126923e-07 3.095345e-07 -2.543239e-07 1.487312e-07 -3.044532e-07 -1.966134e-07 1.546648e-07 -1.715921e-07 -1.326456e-08 -5.602079e-08 -2.313237e-07 2.293835e-07 1.940042e-07 6.473275e-08 -2.636958e-07 -2.865865e-07 -1.694771e-08 -8.212235e-08 
2.949940e-07 -9.702238e-08 3.090897e-07 -2.611664e-07 1.303729e-07 3.053295e-07 -2.385740e-07 1.316392e-07 -1.949648e-07 -3.623019e-08 -7.891415e-08 -2.531714e-07 1.862328e-07 1.763241e-07 4.466069e-08 -2.865865e-07 -3.103165e-07 -4.144134e-08 -1.073104e-07 
1.365476e-10 1.897162e-07 -4.703788e-08 1.163737e-08 -2.332599e-07 -5.564828e-08 2.424285e-08 -2.330748e-07 7.251306e-08 2.317861e-07 1.893084e-07 1.665801e-08 -1.924700e-07 -1.808324e-07 -3.155396e-07 -1.694771e-08 -4.144134e-08 2.275281e-07 1.648174e-07 
1.033757e-08 1.277363e-07 -1.157276e-07 -6.003129e-08 -3.051645e-07 -1.175109e-07 -4.934947e-08 -3.041717e-07 9.274806e-11 1.605214e-07 1.186145e-07 -5.040369e-08 -2.774448e-07 -2.382365e-07 2.567450e-07 -8.212235e-08 -1.073104e-07 1.648174e-07 1.314134e-07 
