2.008472e-04 2.230706e-04 1.955431e-04 1.931366e-03 8.363970e-03 1.279471e-02 1.552131e-02 3.800243e-02 3.068377e-02 2.445073e-02 2.372882e-02 1.875512e-02 2.260264e-02 2.645544e-03 4.546791e-03 1.321673e-03 5.257473e-04 3.166994e-04 2.295011e-04 
2.230706e-04 1.990673e-04 2.468372e-04 3.281512e-03 1.064655e-02 2.171631e-02 2.245714e-02 9.284357e-02 7.493980e-02 6.088517e-02 6.086996e-02 3.764405e-02 3.738658e-02 2.936611e-03 5.386390e-03 1.919102e-03 8.521272e-04 5.050271e-04 3.222906e-04 
1.955431e-04 2.468372e-04 7.461090e-04 5.571934e-03 1.929481e-02 5.273994e-02 3.449953e-02 2.990636e-01 2.392650e-01 1.972665e-01 2.005464e-01 1.080858e-01 8.419883e-02 7.650260e-03 9.628005e-03 3.421435e-03 1.711484e-03 1.025549e-03 5.520144e-04 
1.931366e-03 3.281512e-03 5.571934e-03 1.617512e-02 4.893018e-02 1.617344e-01 1.075821e-01 9.495806e-01 7.403646e-01 6.261353e-01 6.521043e-01 3.244156e-01 2.125538e-01 1.335467e-02 7.644263e-03 2.413653e-03 2.799534e-03 1.979265e-03 1.469238e-03 
8.363970e-03 1.064655e-02 1.929481e-02 4.893018e-02 2.695421e-01 5.091013e-01 7.953515e-01 8.853455e-01 7.954042e-01 6.093337e-01 6.044837e-01 5.713446e-01 8.969728e-01 2.076297e-01 9.754998e-02 3.241003e-02 1.749443e-02 1.157887e-02 8.881339e-03 
1.279471e-02 2.171631e-02 5.273994e-02 1.617344e-01 5.091013e-01 8.937567e-01 1.042352e+00 1.149594e+00 9.914489e-01 7.642675e-01 7.376197e-01 8.681964e-01 1.118423e+00 7.757544e-01 7.549715e-02 1.835299e-02 1.211558e-02 1.019805e-02 1.016201e-02 
1.552131e-02 2.245714e-02 3.449953e-02 1.075821e-01 7.953515e-01 1.042352e+00 1.170786e+00 1.256691e+00 1.072532e+00 8.220051e-01 7.805230e-01 9.903406e-01 1.296723e+00 9.608269e-01 3.338306e-01 7.240998e-02 2.797135e-02 1.761705e-02 1.444372e-02 
3.800243e-02 9.284357e-02 2.990636e-01 9.495806e-01 8.853455e-01 1.149594e+00 1.256691e+00 1.278692e+00 1.099659e+00 8.535222e-01 8.197392e-01 1.021692e+00 1.268836e+00 1.326993e+00 9.092341e-01 2.064113e-01 4.286562e-02 4.284020e-03 1.478678e-02 
3.068377e-02 7.493980e-02 2.392650e-01 7.403646e-01 7.954042e-01 9.914489e-01 1.072532e+00 1.099659e+00 9.386223e-01 7.260546e-01 6.929943e-01 8.768606e-01 1.104771e+00 1.098209e+00 7.844828e-01 1.721996e-01 3.579205e-02 5.314614e-03 1.207788e-02 
2.445073e-02 6.088517e-02 1.972665e-01 6.261353e-01 6.093337e-01 7.642675e-01 8.220051e-01 8.535222e-01 7.260546e-01 5.623723e-01 5.363476e-01 6.744003e-01 8.441866e-01 8.494188e-01 6.602498e-01 1.473344e-01 3.156180e-02 5.104852e-03 9.008858e-03 
2.372882e-02 6.086996e-02 2.005464e-01 6.521043e-01 6.044837e-01 7.376197e-01 7.805230e-01 8.197392e-01 6.929943e-01 5.363476e-01 5.107529e-01 6.407832e-01 8.046943e-01 8.095510e-01 7.165649e-01 1.611023e-01 3.613218e-02 7.476770e-03 7.944089e-03 
1.875512e-02 3.764405e-02 1.080858e-01 3.244156e-01 5.713446e-01 8.681964e-01 9.903406e-01 1.021692e+00 8.768606e-01 6.744003e-01 6.407832e-01 8.315916e-01 1.055130e+00 8.706869e-01 1.094485e-01 3.312239e-02 9.074307e-03 8.796287e-03 1.188882e-02 
2.260264e-02 3.738658e-02 8.419883e-02 2.125538e-01 8.969728e-01 1.118423e+00 1.296723e+00 1.268836e+00 1.104771e+00 8.441866e-01 8.046943e-01 1.055130e+00 1.426093e+00 1.106487e+00 1.873884e-01 4.099265e-02 2.419808e-02 1.886229e-02 1.822385e-02 
2.645544e-03 2.936611e-03 7.650260e-03 1.335467e-02 2.076297e-01 7.757544e-01 9.608269e-01 1.326993e+00 1.098209e+00 8.494188e-01 8.095510e-01 8.706869e-01 1.106487e+00 4.614198e-01 7.558962e-02 1.044767e-02 9.360416e-03 6.325536e-03 4.071473e-03 
4.546791e-03 5.386390e-03 9.628005e-03 7.644263e-03 9.754998e-02 7.549715e-02 3.338306e-01 9.092341e-01 7.844828e-01 6.602498e-01 7.165649e-01 1.094485e-01 1.873884e-01 7.558962e-02 5.999475e-02 1.865058e-02 1.042190e-02 7.054856e-03 5.233420e-03 
1.321673e-03 1.919102e-03 3.421435e-03 2.413653e-03 3.241003e-02 1.835299e-02 7.240998e-02 2.064113e-01 1.721996e-01 1.473344e-01 1.611023e-01 3.312239e-02 4.099265e-02 1.044767e-02 1.865058e-02 5.936463e-03 2.606616e-03 1.646989e-03 1.279426e-03 
5.257473e-04 8.521272e-04 1.711484e-03 2.799534e-03 1.749443e-02 1.211558e-02 2.797135e-02 4.286562e-02 3.579205e-02 3.156180e-02 3.613218e-02 9.074307e-03 2.419808e-02 9.360416e-03 1.042190e-02 2.606616e-03 9.174858e-04 5.422770e-04 4.479789e-04 
3.166994e-04 5.050271e-04 1.025549e-03 1.979265e-03 1.157887e-02 1.019805e-02 1.761705e-02 4.284020e-03 5.314614e-03 5.104852e-03 7.476770e-03 8.796287e-03 1.886229e-02 6.325536e-03 7.054856e-03 1.646989e-03 5.422770e-04 3.219700e-04 2.723273e-04 
2.295011e-04 3.222906e-04 5.520144e-04 1.469238e-03 8.881339e-03 1.016201e-02 1.444372e-02 1.478678e-02 1.207788e-02 9.008858e-03 7.944089e-03 1.188882e-02 1.822385e-02 4.071473e-03 5.233420e-03 1.279426e-03 4.479789e-04 2.723273e-04 2.199086e-04 