3.265660e-03 8.379667e-03 1.598960e-02 1.746948e-02 1.687238e-02 2.968498e-02 6.760989e-02 5.043811e-02 1.588932e-01 1.629839e-01 4.711968e-02 7.149997e-02 2.834130e-02 1.805744e-02 1.896087e-02 1.677927e-02 8.643691e-03 3.378579e-03 1.948603e-04 
8.379667e-03 2.170998e-02 4.320592e-02 5.308579e-02 5.193079e-02 6.336034e-02 1.786665e-01 1.297348e-01 4.333742e-01 4.445787e-01 1.202336e-01 1.883285e-01 5.879447e-02 5.631914e-02 5.715920e-02 4.503264e-02 2.222868e-02 8.582670e-03 4.501600e-04 
1.598960e-02 4.320592e-02 9.722854e-02 1.516669e-01 1.654153e-01 1.133692e-01 3.627199e-01 2.342586e-01 8.708464e-01 8.935913e-01 2.137754e-01 3.792907e-01 1.066266e-01 1.763633e-01 1.596075e-01 9.961244e-02 4.346847e-02 1.599867e-02 7.467637e-04 
1.746948e-02 5.308579e-02 1.516669e-01 3.247607e-01 4.189148e-01 4.254425e-01 5.394843e-01 2.434296e-01 8.775333e-01 9.014919e-01 2.277534e-01 5.602528e-01 4.321225e-01 4.347130e-01 3.335941e-01 1.524722e-01 5.234083e-02 1.704443e-02 8.856364e-04 
1.687238e-02 5.193079e-02 1.654153e-01 4.189148e-01 6.323130e-01 7.833261e-01 8.676135e-01 6.145867e-01 1.305656e+00 1.340229e+00 5.956746e-01 9.209372e-01 7.873000e-01 6.412233e-01 4.301049e-01 1.684992e-01 5.290490e-02 1.812666e-02 9.513560e-04 
2.968498e-02 6.336034e-02 1.133692e-01 4.254425e-01 7.833261e-01 2.236770e-01 4.472304e-01 2.914560e-01 5.972962e-01 6.146375e-01 2.813483e-01 4.557977e-01 2.369920e-01 8.036995e-01 4.308612e-01 1.159494e-01 6.517586e-02 3.006067e-02 2.860891e-03 
6.760989e-02 1.786665e-01 3.627199e-01 5.394843e-01 8.676135e-01 4.472304e-01 1.002409e+00 6.157632e-01 1.223415e+00 1.255047e+00 5.998636e-01 1.048042e+00 4.498102e-01 8.820442e-01 5.588554e-01 3.736979e-01 1.823457e-01 6.889239e-02 5.901314e-03 
5.043811e-02 1.297348e-01 2.342586e-01 2.434296e-01 6.145867e-01 2.914560e-01 6.157632e-01 3.924621e-01 8.058650e-01 8.271234e-01 3.805531e-01 6.413047e-01 2.987362e-01 6.250874e-01 2.559466e-01 2.424804e-01 1.322969e-01 5.102093e-02 4.485924e-03 
1.588932e-01 4.333742e-01 8.708464e-01 8.775333e-01 1.305656e+00 5.972962e-01 1.223415e+00 8.058650e-01 1.347213e+00 1.382865e+00 7.892277e-01 1.265229e+00 6.290936e-01 1.318260e+00 9.153720e-01 8.910958e-01 4.376095e-01 1.583969e-01 1.414932e-02 
1.629839e-01 4.445787e-01 8.935913e-01 9.014919e-01 1.340229e+00 6.146375e-01 1.255047e+00 8.271234e-01 1.382865e+00 1.419493e+00 8.100155e-01 1.297881e+00 6.472712e-01 1.353201e+00 9.403485e-01 9.143603e-01 4.489116e-01 1.624658e-01 1.450971e-02 
4.711968e-02 1.202336e-01 2.137754e-01 2.277534e-01 5.956746e-01 2.813483e-01 5.998636e-01 3.805531e-01 7.892277e-01 8.100155e-01 3.688676e-01 6.251113e-01 2.877057e-01 6.061237e-01 2.393144e-01 2.216376e-01 1.227796e-01 4.776387e-02 4.208516e-03 
7.149997e-02 1.883285e-01 3.792907e-01 5.602528e-01 9.209372e-01 4.557977e-01 1.048042e+00 6.413047e-01 1.265229e+00 1.297881e+00 6.251113e-01 1.095494e+00 4.586199e-01 9.362110e-01 5.804202e-01 3.908807e-01 1.922381e-01 7.285603e-02 6.288413e-03 
2.834130e-02 5.879447e-02 1.066266e-01 4.321225e-01 7.873000e-01 2.369920e-01 4.498102e-01 2.987362e-01 6.290936e-01 6.472712e-01 2.877057e-01 4.586199e-01 2.504203e-01 8.080566e-01 4.373031e-01 1.086158e-01 6.066129e-02 2.876699e-02 2.730289e-03 
1.805744e-02 5.631914e-02 1.763633e-01 4.347130e-01 6.412233e-01 8.036995e-01 8.820442e-01 6.250874e-01 1.318260e+00 1.353201e+00 6.061237e-01 9.362110e-01 8.080566e-01 6.502567e-01 4.462857e-01 1.796496e-01 5.721946e-02 1.918025e-02 9.386965e-04 
1.896087e-02 5.715920e-02 1.596075e-01 3.335941e-01 4.301049e-01 4.308612e-01 5.588554e-01 2.559466e-01 9.153720e-01 9.403485e-01 2.393144e-01 5.804202e-01 4.373031e-01 4.462857e-01 3.429953e-01 1.606860e-01 5.646107e-02 1.851692e-02 9.898143e-04 
1.677927e-02 4.503264e-02 9.961244e-02 1.524722e-01 1.684992e-01 1.159494e-01 3.736979e-01 2.424804e-01 8.910958e-01 9.143603e-01 2.216376e-01 3.908807e-01 1.086158e-01 1.796496e-01 1.606860e-01 1.022487e-01 4.540932e-02 1.683517e-02 8.125190e-04 
8.643691e-03 2.222868e-02 4.346847e-02 5.234083e-02 5.290490e-02 6.517586e-02 1.823457e-01 1.322969e-01 4.376095e-01 4.489116e-01 1.227796e-01 1.922381e-01 6.066129e-02 5.721946e-02 5.646107e-02 4.540932e-02 2.281951e-02 8.885145e-03 4.840395e-04 
3.378579e-03 8.582670e-03 1.599867e-02 1.704443e-02 1.812666e-02 3.006067e-02 6.889239e-02 5.102093e-02 1.583969e-01 1.624658e-01 4.776387e-02 7.285603e-02 2.876699e-02 1.918025e-02 1.851692e-02 1.683517e-02 8.885145e-03 3.514003e-03 2.155127e-04 
1.948603e-04 4.501600e-04 7.467637e-04 8.856364e-04 9.513560e-04 2.860891e-03 5.901314e-03 4.485924e-03 1.414932e-02 1.450971e-02 4.208516e-03 6.288413e-03 2.730289e-03 9.386965e-04 9.898143e-04 8.125190e-04 4.840395e-04 2.155127e-04 1.457120e-05 